#HH_230203
sensor_kit_base_link:
  velodyne_base_link:
    x: 0.45 #0.9 
    y: 0.0
    z: 1.6
    roll: 0
    pitch: 0.0
    yaw: 0.0
  camera0/camera_link:
    x: 0.9
    y: 0.0
    z: 1.5
    roll: -0.025
    pitch: 0.315
    yaw: 1.035
  gnss_link:
    x: 0.4
    y: 0.0
    z: 1.6
    roll: 0.0
    pitch: 0.0
    yaw: 0.0
  tamagawa/imu_link:
    x: 0.4
    y: 0.0
    z: 1.6
    roll: 3.14159265359
    pitch: 0.0
    yaw: 3.14159265359